58 70
0 2
1 2
2 3
3 4
5 7
6 7
7 8
8 9
10 12
11 12
12 13
13 14
15 17
15 18
16 17
17 18
19 21
19 22
20 21
21 22
23 25
23 26
24 25
25 26
27 28
27 29
28 29
28 30
27 30
27 31
29 32
27 32
29 33
29 34
29 35
30 36
32 37
33 37
33 38
35 39
31 39
29 40
37 40
29 41
36 42
31 43
39 43
33 44
27 45
41 46
31 47
44 47
46 48
46 49
49 50
45 50
43 51
48 51
44 52
38 52
39 53
51 53
53 54
36 55
35 56
34 56
51 57
55 57
4 54
14 28
500
57 48 51 55
8 18
0 1 49 50
42 46 17 35 51
30 54 7 33
51 42 24 49
23 24 49
12 49 31
43 36 12 40 49
32 7 8
43 44 33 39 47
39 32 19 42
18 16 20 29
22 42
15 45
31 28 38
0 28 19 30 39
41 23
23 40 25 26 37
48 35 3 6 14
10 6 7 12
0 1 3 5 34
56 20 21
24 19 21 25
51 25 57
34 12 1 17
10 11 18
11 28 14 29
48 28 29 51
6 13
12 40 11
22 20 28
6 36
1 38 48
7 5 21 43 54
21 9 19 22
5 6
39 57 5 40
5 57 7 55
49 41 6
0 1 4
13 41 15 28 33
10 11 2 14 30 51
36 7
8 17
28 50 29 49
34 38 33 41 50
29 30 31
22 20 21
28 41
39 37 35
43 40 5
36 49 4
56 9 8 34 35
31 8 20 27
47 53 6 12
7 14 8
19 12 13 48
13 50 21 39 51
15 3 34 47 50
54 41 29 46
3 22 19
27 42 23 25 29
5 6 3 15 33
32 38 14 20 49
53 11 39 54
39 25 26 31 53
42 19 14 15 41
20 37 21 32 40
50 47 23
50 28 14 27 29
43 21 22 39
48 49 9
40 43 15 27
50 25 3 10 17
47 41 29 31
52 37 9 14
12 47 4 8 35
44 36
4 43
5 6 7
22 26 19 23
29 50
21 18 2 25 42
4 47 3 44
35 10 3 45
33 30 27 29 37
23 25 5 18 44
53 35
26 24
25 23 24
42 15 23
9 32 10 34 44
10 11 2 30 51
33 20 49 50
37 32 33 44 57
19 44 22 52
30 2 29 32 54
52 34 13 35
10 11 17 42 43
11 32
34 39 21 49 56
24 38
50 17 18 35
51 55 24 29 56
5 6 8 17 57
27 16 1 3 18
26 46 23 25 48
53 41 54
42 35 31 57
40 42 29
0 1 8 43 55
31 47 16 27 50
27 11 12 45
55 39
18 21
42 30 27 28
30 57 3
3 45 49
41 55 11
29 32 0 6
11 29 12 32 33
56 50 34 35
18 55 30
0 1 2
22 20 40 55
10 11 12
37 2 32 33
20 27
8 35 7 9 39
4 54 3
6 7 5 8
21 39 2 33
46 56 5
0 1 15 25 42
0 1 3 38 44
51 39 35 53 57
52 29
47 11
30 22 27
7 0
30 14
29 34 45 47 56
0 1 38 44
28 10 34 45 57
13 40
12 37 11
36 18 17 30
40 56
11 40 12 29 37
33 34 44 56
23 42
14 53
21 17
40 54 8 28
52 10 29 45
35 32 8
36 27 40 45 49
49 57
10 11
22 20 1 2
26 24 45 50
41 48 37 39 55
46 50 41 48 49
26 29
35 45 1 49 54
28 22
31 12
10 11 21
33 47
5 6 2 18 43
37 17 15 32
28 48 34
23 57 37 44 56
17 26 18
0 10 2 12
52 30
39 57
44 39 9 10 46
19 8 3 15 41
50 9 32 45
0 1 5 34
5 6 8 35 46 47
26 24 14
0 1 3
17 19 18
48 22 46 51
10 30 2 36 55
14 29
44 15
31 7 3 5
18 0 31
17 22 11
0 1 3 49 50
4 47 3 31 54
28 40
31 8 6 35
34 47
5 6 8 17
26 24 1 5 56
5 6 11 30 48
33 25 17 40
46 49
50 48 45 46 51
4 17 3 18 54
11 32 3 6 7
20 1 2 21
13 14 12 28
43 54
50 42
56 42
42 53 39
30 7 1 2 5
25 51 43 53 57
8 48 51
22 55
47 44
46 32 14 20
31 50 22 40 48
40 37 32 33
34 48 29 46 56
53 38 30
10 38 4 18 42
30 4 14 55
45 38 27
46 57 48
40 23 26 29
14 25 24
2 37 0 46
18 42 15 17 36
5 1 32 55
51 26
48 50 46
30 53
42 51
5 6 8 11 30 48
22 20 0 17
34 35 13
38 46
46 30 31
18 16 9 56
27 11 14 56
44 2 3 33
55 36 42
46 20 21 41 48
12 39
20 38 21 33
0 1 3 8 43 55
19 18 15 21
13 11
27 0 2 29 45
6 41 7
10 11 6 13
38 56 35 52
6 27 12 14 46
39 36
47 32 29 31 37
28 56 14 29
32 13 2
40 15 47
42 15 23 25 49
5 48 7 46 51
10 11 6
38 33 52
44 12 6 14 41
16 28
32 16 27 37
42 36 30
31 41 27 39 46
52 54 0
52 45 21
29 57 9
33 48 38 44 46
41 57 34
15 17 16 18
21 40
14 21 22 28
24 18
18 16 4 42
22 20 45
26 24 2 50
22 20
34 55 29 56 57
21 31 15 27 50
54 7 0 32 34
51 44 47
47 11 13 44 48
39 24 25 53
0 22 21
41 57 42 43
5 6 2 9 18 43
23 13 1 16 27
46 49
43 28
36 49
57 28
4 16 17
0 43 21 26 33
3 38 2 33
12 16 6
49 46 29
52 48 44 46 51
33 31 3 23 55
56 54
20 14 42 56
45 39 50 53
14 33 13 28
54 45
29 4 32 54
46 23 26
32 47
39 30 22 23 44
11 44 12
40 9 8
17 30 28 36
31 17
15 9 55
30 17 15
0 18 42
14 37 7 23 24
54 2 0 3
34 55 57
55 43
49 53 50
53 9
0 1 4 51 52 56
5 57 51 55
5 28 27
15 6 27 35 45
35 28 27 42
49 22 19
23 48 27 31 44
53 27
3 8
20 16
30 47 28
2 28 0 1 14
28 12 13
35 45 29 47
50 55
50 2 10 20 52
4 45
6 39
24 16 20
3 57 1 17 38
24 12 11 13 25
2 10 40 54
10 11 26 33
32 18 10 20 24
26 24 20 22 47
46 27 9 26
55 52 32 41 46
46 4 3 48 54
0 1 3 15 25 42
28 41 38 45
51 34 57
44 31 0 18 22
18 50 45 49
51 37 48 53
10 11 13 18
9 12
57 12 10 11
32 39 35 43 53
41 56 12 13
4 25
2 45
42 43 51
18 3
57 1 38 44
57 3 9 11 34
25 12 2
56 40 29 35 37
3 50
18 53 36 41
10 11 14
13 25
43 46
1 47 31
31 47
14 21 28
10 11 14 17 42 43
44 5 7 33 47
46 47
29 40 38 56
49 11 1
5 14 41
15 41 18
51 14
18 16 57
31 50 5 34 39
27 31 28 45 47
2 51 9 25 39
48 9 3 55
31 25 12
18 26 55 57
40 1 2 37
45 27
7 50 5 45
10 11 14 26 33
48 56
51 13
53 20
25 21 53
21 10 55
11 24 12 25
50 36 45 49 55
19 25 6 16 29
38 0 2 33 52
13 52
25 24 2
6 19 7 21 22
53 41
5 10 7 12
2 41 3 29 46
29 53 27 51
34 45 29 56
42 21 17 45
36 2 0 3 42
5 6 8
56 37 40
45 20 34
5 6 17
10 51
48 39 35 43
51 52 22 50
27 53 1 23 39
5 46 49
36 45 7 35
53 22 21 51
30 47 18 44 48
18 22 15 19 21
7 14 5 8
10 28 22 41
2 35 0 3 29
27 49
30 27 28 45
14 45 29
47 45 31
22 20 14 18 29
12 49 10
5 6 3 9 15 33
52 33
18 49 42
16 17 5 19 21
33 21
0 1
16 9 5 35 47
7 4 6 54
22 23 19 25 26
5 34 7 54 57
18 16 6 12 14
44 48
41 47 29 31 46
25 57 16 21
17 37 4 41 48
31 27 14 40
39 14 5 25 52
15 52 0 2 10
32 27 37
0 1 51 52 56
22 47 19 21 44
5 6 17 57
12 28 6 23 47
22 36
5 3 31 32 41
47 36 30 44
1 46 41 48 49
20 16 2 50
1 25 38 48 52
49 3 2 44
6 13 12 14
38 17 11
45 7
46 41 31 32
9 40 8 29 37
21 47 44
5 6 9
47 50 45
31 3 12 34 43
56 57 21 37
10 11 13
2 20 0 38
10 11 13 21
31 3 4 27
47 53 54 56
18 16
57 41
9 13 0 26
29 24
47 49 2 31 57
5 6 35 46 47
39 41 6
47 26 25 31 44
57 12 16 48
37 32
35 40 20 53 54
12 44 10
4 31 22 23 42
41 20 21 29 46
52 3
