91 120
0 1
0 2
1 3
2 3
3 4
3 5
4 6
5 6
6 7
6 8
7 9
8 9
9 10
9 11
10 12
11 12
12 13
12 14
13 15
14 15
15 16
15 17
16 18
17 18
18 19
18 20
19 21
20 21
21 22
21 23
22 24
23 24
24 25
24 26
25 27
26 27
27 28
27 29
28 30
29 30
30 31
30 32
31 33
32 33
33 34
33 35
34 36
35 36
36 37
36 38
37 39
38 39
39 40
39 41
40 42
41 42
42 43
42 44
43 45
44 45
45 46
45 47
46 48
47 48
48 49
48 50
49 51
50 51
51 52
51 53
52 54
53 54
54 55
54 56
55 57
56 57
57 58
57 59
58 60
59 60
60 61
60 62
61 63
62 63
63 64
63 65
64 66
65 66
66 67
66 68
67 69
68 69
69 70
69 71
70 72
71 72
72 73
72 74
73 75
74 75
75 76
75 77
76 78
77 78
78 79
78 80
79 81
80 81
81 82
81 83
82 84
83 84
84 85
84 86
85 87
86 87
87 88
87 89
88 90
89 90
7
0 90
0 90 45
0 90 21 45
1 2
1 2 3
0 1
0 3 1 2
